69
1avn_A:A 0.000000 0.875000 0.883268 0.883268 0.879377 0.879377 0.885870 0.885870 0.885714 0.881657 0.885714 0.881657 0.896739 0.896739 0.868966 0.868966 0.881944 0.881944 0.881944 0.854167 0.883041 0.882353 0.869955 0.875000 0.880240 0.887324 0.898833 0.891051 0.898833 0.902724 0.891051 0.891051 0.891051 0.891051 0.891051 0.883268 0.906615 0.891051 0.891051 0.891051 0.891051 0.891051 0.891051 0.891051 0.887160 0.891051 0.891051 0.891051 0.891051 0.891051 0.891051 0.891051 0.891051 0.891051 0.891051 0.894942 0.891051 0.887160 0.894942 0.898833 0.883268 0.883268 0.879377 0.887160 0.902724 0.891051 0.902724 0.894942 0.898833
1ike_A:A 0.875000 0.000000 0.869565 0.875000 0.869565 0.869565 0.097826 0.097826 0.862857 0.869822 0.862857 0.869822 0.103261 0.103261 0.875862 0.875862 0.854167 0.854167 0.854167 0.881944 0.871345 0.870588 0.891304 0.635870 0.874251 0.891304 0.875000 0.875000 0.875000 0.875000 0.875000 0.875000 0.875000 0.875000 0.875000 0.875000 0.880435 0.875000 0.875000 0.875000 0.875000 0.875000 0.875000 0.875000 0.875000 0.875000 0.875000 0.875000 0.875000 0.875000 0.875000 0.875000 0.875000 0.875000 0.875000 0.880435 0.875000 0.896739 0.891304 0.858696 0.875000 0.869565 0.896739 0.885870 0.869565 0.880435 0.885870 0.880435 0.896739
1jqd_A:A 0.883268 0.869565 0.000000 0.010490 0.877622 0.877622 0.880435 0.880435 0.880000 0.881657 0.880000 0.881657 0.880435 0.880435 0.868966 0.868966 0.868056 0.868056 0.868056 0.868056 0.883041 0.882353 0.892377 0.880435 0.886228 0.892019 0.891608 0.891608 0.891608 0.891608 0.905594 0.905594 0.905594 0.905594 0.905594 0.905594 0.909091 0.905594 0.905594 0.905594 0.905594 0.905594 0.905594 0.905594 0.895105 0.905594 0.905594 0.905594 0.905594 0.905594 0.905594 0.905594 0.905594 0.905594 0.905594 0.904215 0.894928 0.898601 0.896296 0.892086 0.905594 0.888112 0.898601 0.900735 0.892857 0.888060 0.895105 0.905797 0.909091
1jqd_B:B 0.883268 0.875000 0.010490 0.000000 0.875000 0.875000 0.869565 0.869565 0.880000 0.881657 0.880000 0.881657 0.880435 0.880435 0.862069 0.862069 0.868056 0.868056 0.868056 0.868056 0.883041 0.882353 0.892377 0.880435 0.880240 0.892019 0.892361 0.891986 0.892361 0.891608 0.906250 0.906250 0.906250 0.906250 0.906250 0.902778 0.909091 0.902778 0.902778 0.902778 0.902778 0.902778 0.902778 0.902778 0.895833 0.902778 0.902778 0.902778 0.902778 0.902778 0.902778 0.902778 0.902778 0.902778 0.902778 0.911877 0.902174 0.899306 0.900000 0.892086 0.902778 0.885417 0.892361 0.900735 0.892857 0.888060 0.895833 0.913043 0.909722
1kar_A:A 0.879377 0.869565 0.877622 0.875000 0.000000 0.000000 0.885870 0.885870 0.874286 0.881657 0.874286 0.881657 0.885870 0.885870 0.868966 0.868966 0.881944 0.881944 0.881944 0.868056 0.859649 0.858824 0.878924 0.875000 0.862275 0.882629 0.873288 0.874564 0.872852 0.874126 0.882883 0.882883 0.882883 0.882883 0.882883 0.883234 0.894545 0.892966 0.892966 0.892966 0.892966 0.892966 0.892966 0.892966 0.894895 0.891239 0.891239 0.891239 0.892966 0.892966 0.892966 0.892966 0.892966 0.892966 0.892966 0.881226 0.884058 0.880208 0.881481 0.884892 0.883234 0.882812 0.881543 0.897059 0.878571 0.876866 0.878472 0.880435 0.882353
1kar_B:B 0.879377 0.869565 0.877622 0.875000 0.000000 0.000000 0.885870 0.885870 0.874286 0.881657 0.874286 0.881657 0.885870 0.885870 0.868966 0.868966 0.881944 0.881944 0.881944 0.868056 0.859649 0.858824 0.878924 0.875000 0.862275 0.882629 0.873288 0.874564 0.872852 0.874126 0.882883 0.882883 0.882883 0.882883 0.882883 0.883234 0.894545 0.892966 0.892966 0.892966 0.892966 0.892966 0.892966 0.892966 0.894895 0.891239 0.891239 0.891239 0.892966 0.892966 0.892966 0.892966 0.892966 0.892966 0.892966 0.881226 0.884058 0.880208 0.881481 0.884892 0.883234 0.882812 0.881543 0.897059 0.878571 0.876866 0.878472 0.880435 0.882353
1np1_A:A 0.885870 0.097826 0.880435 0.869565 0.885870 0.885870 0.000000 0.000000 0.880000 0.875740 0.880000 0.875740 0.005435 0.005435 0.882759 0.882759 0.861111 0.861111 0.861111 0.895833 0.877193 0.876471 0.885870 0.646739 0.880240 0.896739 0.880435 0.880435 0.880435 0.880435 0.858696 0.858696 0.858696 0.858696 0.858696 0.858696 0.880435 0.858696 0.858696 0.858696 0.858696 0.858696 0.858696 0.858696 0.891304 0.858696 0.858696 0.858696 0.858696 0.858696 0.858696 0.858696 0.858696 0.858696 0.858696 0.875000 0.891304 0.885870 0.891304 0.880435 0.858696 0.858696 0.885870 0.891304 0.880435 0.880435 0.896739 0.891304 0.891304
1np1_B:B 0.885870 0.097826 0.880435 0.869565 0.885870 0.885870 0.000000 0.000000 0.880000 0.875740 0.880000 0.875740 0.005435 0.005435 0.882759 0.882759 0.861111 0.861111 0.861111 0.895833 0.877193 0.876471 0.885870 0.646739 0.880240 0.896739 0.880435 0.880435 0.880435 0.880435 0.858696 0.858696 0.858696 0.858696 0.858696 0.858696 0.880435 0.858696 0.858696 0.858696 0.858696 0.858696 0.858696 0.858696 0.891304 0.858696 0.858696 0.858696 0.858696 0.858696 0.858696 0.858696 0.858696 0.858696 0.858696 0.875000 0.891304 0.885870 0.891304 0.880435 0.858696 0.858696 0.885870 0.891304 0.880435 0.880435 0.896739 0.891304 0.891304
1qft_A:A 0.885714 0.862857 0.880000 0.880000 0.874286 0.874286 0.880000 0.880000 0.000000 0.000000 0.000000 0.000000 0.874286 0.874286 0.896552 0.896552 0.875000 0.875000 0.875000 0.847222 0.005848 0.005882 0.880000 0.902857 0.904192 0.880000 0.885714 0.885714 0.885714 0.885714 0.874286 0.874286 0.874286 0.874286 0.874286 0.874286 0.891429 0.880000 0.880000 0.880000 0.880000 0.880000 0.880000 0.880000 0.891429 0.880000 0.880000 0.880000 0.880000 0.880000 0.880000 0.880000 0.880000 0.880000 0.880000 0.868571 0.874286 0.908571 0.874286 0.891429 0.874286 0.897143 0.885714 0.885714 0.880000 0.885714 0.874286 0.868571 0.868571
1qft_B:B 0.881657 0.869822 0.881657 0.881657 0.881657 0.881657 0.875740 0.875740 0.000000 0.000000 0.000000 0.000000 0.869822 0.869822 0.896552 0.896552 0.875000 0.875000 0.875000 0.847222 0.005917 0.005917 0.875740 0.899408 0.904192 0.887574 0.887574 0.887574 0.887574 0.887574 0.869822 0.869822 0.869822 0.869822 0.869822 0.869822 0.887574 0.869822 0.869822 0.869822 0.869822 0.869822 0.869822 0.869822 0.899408 0.875740 0.875740 0.875740 0.869822 0.869822 0.869822 0.869822 0.869822 0.869822 0.869822 0.869822 0.875740 0.905325 0.869822 0.869822 0.869822 0.893491 0.905325 0.899408 0.881657 0.887574 0.875740 0.869822 0.875740
1qfv_A:A 0.885714 0.862857 0.880000 0.880000 0.874286 0.874286 0.880000 0.880000 0.000000 0.000000 0.000000 0.000000 0.874286 0.874286 0.896552 0.896552 0.875000 0.875000 0.875000 0.847222 0.005848 0.005882 0.880000 0.902857 0.904192 0.880000 0.885714 0.885714 0.885714 0.885714 0.874286 0.874286 0.874286 0.874286 0.874286 0.874286 0.891429 0.880000 0.880000 0.880000 0.880000 0.880000 0.880000 0.880000 0.891429 0.880000 0.880000 0.880000 0.880000 0.880000 0.880000 0.880000 0.880000 0.880000 0.880000 0.868571 0.874286 0.908571 0.874286 0.891429 0.874286 0.897143 0.885714 0.885714 0.880000 0.885714 0.874286 0.868571 0.868571
1qfv_B:B 0.881657 0.869822 0.881657 0.881657 0.881657 0.881657 0.875740 0.875740 0.000000 0.000000 0.000000 0.000000 0.869822 0.869822 0.896552 0.896552 0.875000 0.875000 0.875000 0.847222 0.005917 0.005917 0.875740 0.899408 0.904192 0.887574 0.887574 0.887574 0.887574 0.887574 0.869822 0.869822 0.869822 0.869822 0.869822 0.869822 0.887574 0.869822 0.869822 0.869822 0.869822 0.869822 0.869822 0.869822 0.899408 0.875740 0.875740 0.875740 0.869822 0.869822 0.869822 0.869822 0.869822 0.869822 0.869822 0.869822 0.875740 0.905325 0.869822 0.869822 0.869822 0.893491 0.905325 0.899408 0.881657 0.887574 0.875740 0.869822 0.875740
1u18_A:A 0.896739 0.103261 0.880435 0.880435 0.885870 0.885870 0.005435 0.005435 0.874286 0.869822 0.874286 0.869822 0.000000 0.000000 0.889655 0.889655 0.868056 0.868056 0.868056 0.895833 0.877193 0.876471 0.885870 0.652174 0.880240 0.896739 0.880435 0.869565 0.880435 0.880435 0.858696 0.858696 0.858696 0.858696 0.858696 0.858696 0.880435 0.858696 0.858696 0.858696 0.858696 0.858696 0.858696 0.858696 0.880435 0.858696 0.858696 0.858696 0.858696 0.858696 0.858696 0.858696 0.858696 0.858696 0.858696 0.869565 0.875000 0.885870 0.869565 0.880435 0.858696 0.864130 0.885870 0.891304 0.880435 0.880435 0.896739 0.891304 0.891304
1u18_B:B 0.896739 0.103261 0.880435 0.880435 0.885870 0.885870 0.005435 0.005435 0.874286 0.869822 0.874286 0.869822 0.000000 0.000000 0.889655 0.889655 0.868056 0.868056 0.868056 0.895833 0.877193 0.876471 0.885870 0.652174 0.880240 0.896739 0.880435 0.869565 0.880435 0.880435 0.858696 0.858696 0.858696 0.858696 0.858696 0.858696 0.880435 0.858696 0.858696 0.858696 0.858696 0.858696 0.858696 0.858696 0.880435 0.858696 0.858696 0.858696 0.858696 0.858696 0.858696 0.858696 0.858696 0.858696 0.858696 0.869565 0.875000 0.885870 0.869565 0.880435 0.858696 0.864130 0.885870 0.891304 0.880435 0.880435 0.896739 0.891304 0.891304
2qeb_A:A 0.868966 0.875862 0.868966 0.862069 0.868966 0.868966 0.882759 0.882759 0.896552 0.896552 0.896552 0.896552 0.889655 0.889655 0.000000 0.000000 0.902778 0.902778 0.902778 0.888889 0.889655 0.889655 0.882759 0.889655 0.862069 0.882759 0.882759 0.882759 0.882759 0.875862 0.882759 0.882759 0.882759 0.882759 0.882759 0.882759 0.896552 0.882759 0.882759 0.882759 0.882759 0.882759 0.882759 0.882759 0.875862 0.882759 0.882759 0.882759 0.882759 0.882759 0.882759 0.882759 0.882759 0.882759 0.882759 0.882759 0.882759 0.882759 0.862069 0.868966 0.882759 0.868966 0.875862 0.882759 0.875862 0.889655 0.882759 0.868966 0.868966
2qeb_B:B 0.868966 0.875862 0.868966 0.862069 0.868966 0.868966 0.882759 0.882759 0.896552 0.896552 0.896552 0.896552 0.889655 0.889655 0.000000 0.000000 0.902778 0.902778 0.902778 0.888889 0.889655 0.889655 0.882759 0.889655 0.862069 0.882759 0.882759 0.882759 0.882759 0.875862 0.882759 0.882759 0.882759 0.882759 0.882759 0.882759 0.896552 0.882759 0.882759 0.882759 0.882759 0.882759 0.882759 0.882759 0.875862 0.882759 0.882759 0.882759 0.882759 0.882759 0.882759 0.882759 0.882759 0.882759 0.882759 0.882759 0.882759 0.882759 0.862069 0.868966 0.882759 0.868966 0.875862 0.882759 0.875862 0.889655 0.882759 0.868966 0.868966
2x45_A:A 0.881944 0.854167 0.868056 0.868056 0.881944 0.881944 0.861111 0.861111 0.875000 0.875000 0.875000 0.875000 0.868056 0.868056 0.902778 0.902778 0.000000 0.000000 0.000000 0.555556 0.875000 0.875000 0.875000 0.868056 0.881944 0.902778 0.868056 0.868056 0.868056 0.868056 0.881944 0.881944 0.881944 0.881944 0.881944 0.881944 0.881944 0.895833 0.895833 0.895833 0.895833 0.895833 0.895833 0.895833 0.888889 0.881944 0.881944 0.881944 0.895833 0.895833 0.895833 0.895833 0.895833 0.895833 0.895833 0.902778 0.902778 0.868056 0.902778 0.875000 0.881944 0.881944 0.875000 0.895833 0.895833 0.881944 0.888889 0.902778 0.888889
2x45_B:B 0.881944 0.854167 0.868056 0.868056 0.881944 0.881944 0.861111 0.861111 0.875000 0.875000 0.875000 0.875000 0.868056 0.868056 0.902778 0.902778 0.000000 0.000000 0.000000 0.555556 0.875000 0.875000 0.875000 0.868056 0.881944 0.902778 0.868056 0.868056 0.868056 0.868056 0.881944 0.881944 0.881944 0.881944 0.881944 0.881944 0.881944 0.895833 0.895833 0.895833 0.895833 0.895833 0.895833 0.895833 0.888889 0.881944 0.881944 0.881944 0.895833 0.895833 0.895833 0.895833 0.895833 0.895833 0.895833 0.902778 0.902778 0.868056 0.902778 0.875000 0.881944 0.881944 0.875000 0.895833 0.895833 0.881944 0.888889 0.902778 0.888889
2x45_C:C 0.881944 0.854167 0.868056 0.868056 0.881944 0.881944 0.861111 0.861111 0.875000 0.875000 0.875000 0.875000 0.868056 0.868056 0.902778 0.902778 0.000000 0.000000 0.000000 0.555556 0.875000 0.875000 0.875000 0.868056 0.881944 0.902778 0.868056 0.868056 0.868056 0.868056 0.881944 0.881944 0.881944 0.881944 0.881944 0.881944 0.881944 0.895833 0.895833 0.895833 0.895833 0.895833 0.895833 0.895833 0.888889 0.881944 0.881944 0.881944 0.895833 0.895833 0.895833 0.895833 0.895833 0.895833 0.895833 0.902778 0.902778 0.868056 0.902778 0.875000 0.881944 0.881944 0.875000 0.895833 0.895833 0.881944 0.888889 0.902778 0.888889
3bu1_A:A 0.854167 0.881944 0.868056 0.868056 0.868056 0.868056 0.895833 0.895833 0.847222 0.847222 0.847222 0.847222 0.895833 0.895833 0.888889 0.888889 0.555556 0.555556 0.555556 0.000000 0.847222 0.868056 0.861111 0.868056 0.888889 0.888889 0.861111 0.861111 0.868056 0.868056 0.888889 0.888889 0.888889 0.888889 0.888889 0.881944 0.881944 0.888889 0.888889 0.888889 0.888889 0.888889 0.888889 0.888889 0.881944 0.888889 0.888889 0.888889 0.888889 0.888889 0.888889 0.888889 0.888889 0.888889 0.888889 0.875000 0.875000 0.854167 0.868056 0.875000 0.881944 0.868056 0.875000 0.895833 0.888889 0.888889 0.895833 0.875000 0.881944
3g7x_A:A 0.883041 0.871345 0.883041 0.883041 0.859649 0.859649 0.877193 0.877193 0.005848 0.005917 0.005848 0.005917 0.877193 0.877193 0.889655 0.889655 0.875000 0.875000 0.875000 0.847222 0.000000 0.000000 0.883041 0.900585 0.910180 0.888889 0.888889 0.888889 0.888889 0.888889 0.871345 0.871345 0.871345 0.871345 0.871345 0.871345 0.894737 0.871345 0.871345 0.871345 0.871345 0.871345 0.871345 0.871345 0.894737 0.871345 0.871345 0.871345 0.871345 0.871345 0.871345 0.871345 0.871345 0.871345 0.871345 0.871345 0.877193 0.906433 0.871345 0.900585 0.871345 0.894737 0.888889 0.900585 0.883041 0.888889 0.877193 0.871345 0.877193
3g7x_B:B 0.882353 0.870588 0.882353 0.882353 0.858824 0.858824 0.876471 0.876471 0.005882 0.005917 0.005882 0.005917 0.876471 0.876471 0.889655 0.889655 0.875000 0.875000 0.875000 0.868056 0.000000 0.000000 0.882353 0.900000 0.910180 0.894118 0.888235 0.888235 0.888235 0.888235 0.870588 0.870588 0.870588 0.870588 0.870588 0.870588 0.888235 0.870588 0.870588 0.870588 0.870588 0.870588 0.870588 0.870588 0.900000 0.870588 0.870588 0.870588 0.870588 0.870588 0.870588 0.870588 0.870588 0.870588 0.870588 0.870588 0.876471 0.905882 0.870588 0.876471 0.870588 0.894118 0.888235 0.900000 0.882353 0.888235 0.876471 0.870588 0.876471
3rxh_A:A 0.869955 0.891304 0.892377 0.892377 0.878924 0.878924 0.885870 0.885870 0.880000 0.875740 0.880000 0.875740 0.885870 0.885870 0.882759 0.882759 0.875000 0.875000 0.875000 0.861111 0.883041 0.882353 0.000000 0.869565 0.874251 0.910798 0.887892 0.887892 0.887892 0.887892 0.905830 0.905830 0.905830 0.905830 0.905830 0.905830 0.896861 0.901345 0.901345 0.901345 0.901345 0.901345 0.901345 0.901345 0.892377 0.892377 0.892377 0.892377 0.901345 0.901345 0.901345 0.901345 0.901345 0.901345 0.901345 0.892377 0.892377 0.856502 0.892377 0.896861 0.905830 0.869955 0.869955 0.883408 0.887892 0.874439 0.892377 0.896861 0.892377
4xmf_A:A 0.875000 0.635870 0.880435 0.880435 0.875000 0.875000 0.646739 0.646739 0.902857 0.899408 0.902857 0.899408 0.652174 0.652174 0.889655 0.889655 0.868056 0.868056 0.868056 0.868056 0.900585 0.900000 0.869565 0.000000 0.880240 0.896739 0.869565 0.869565 0.869565 0.869565 0.896739 0.896739 0.896739 0.896739 0.896739 0.896739 0.885870 0.896739 0.896739 0.896739 0.896739 0.896739 0.896739 0.896739 0.885870 0.896739 0.896739 0.896739 0.896739 0.896739 0.896739 0.896739 0.896739 0.896739 0.896739 0.875000 0.885870 0.875000 0.891304 0.891304 0.896739 0.880435 0.875000 0.896739 0.891304 0.885870 0.880435 0.875000 0.875000
5rus_A:A 0.880240 0.874251 0.886228 0.880240 0.862275 0.862275 0.880240 0.880240 0.904192 0.904192 0.904192 0.904192 0.880240 0.880240 0.862069 0.862069 0.881944 0.881944 0.881944 0.888889 0.910180 0.910180 0.874251 0.880240 0.000000 0.880240 0.868263 0.874251 0.868263 0.874251 0.856287 0.856287 0.856287 0.856287 0.856287 0.856287 0.880240 0.856287 0.856287 0.856287 0.856287 0.856287 0.856287 0.856287 0.850299 0.868263 0.868263 0.868263 0.856287 0.856287 0.856287 0.856287 0.856287 0.856287 0.856287 0.880240 0.856287 0.868263 0.874251 0.868263 0.856287 0.838323 0.868263 0.880240 0.874251 0.880240 0.880240 0.862275 0.886228
6dyn_A:A 0.887324 0.891304 0.892019 0.892019 0.882629 0.882629 0.896739 0.896739 0.880000 0.887574 0.880000 0.887574 0.896739 0.896739 0.882759 0.882759 0.902778 0.902778 0.902778 0.888889 0.888889 0.894118 0.910798 0.896739 0.880240 0.000000 0.877934 0.892019 0.892019 0.877934 0.873239 0.873239 0.873239 0.873239 0.873239 0.873239 0.892019 0.873239 0.873239 0.873239 0.873239 0.873239 0.873239 0.873239 0.887324 0.873239 0.873239 0.873239 0.873239 0.873239 0.873239 0.873239 0.873239 0.873239 0.873239 0.887324 0.882629 0.882629 0.873239 0.854460 0.873239 0.873239 0.873239 0.887324 0.863850 0.882629 0.873239 0.887324 0.873239
6fu4_A:A 0.898833 0.875000 0.891608 0.892361 0.873288 0.873288 0.880435 0.880435 0.885714 0.887574 0.885714 0.887574 0.880435 0.880435 0.882759 0.882759 0.868056 0.868056 0.868056 0.861111 0.888889 0.888235 0.887892 0.869565 0.868263 0.877934 0.000000 0.000000 0.000000 0.000000 0.897260 0.897260 0.897260 0.897260 0.897260 0.897260 0.905455 0.893836 0.893836 0.893836 0.893836 0.893836 0.893836 0.893836 0.897260 0.897260 0.897260 0.897260 0.893836 0.893836 0.893836 0.893836 0.893836 0.893836 0.893836 0.888889 0.880435 0.880137 0.877778 0.892086 0.897260 0.876712 0.883562 0.900735 0.896429 0.891791 0.881944 0.880435 0.885813
6fu4_B:B 0.891051 0.875000 0.891608 0.891986 0.874564 0.874564 0.880435 0.880435 0.885714 0.887574 0.885714 0.887574 0.869565 0.869565 0.882759 0.882759 0.868056 0.868056 0.868056 0.861111 0.888889 0.888235 0.887892 0.869565 0.874251 0.892019 0.000000 0.000000 0.000000 0.000000 0.895470 0.895470 0.895470 0.895470 0.895470 0.895470 0.901818 0.891986 0.891986 0.891986 0.891986 0.891986 0.891986 0.891986 0.895470 0.895470 0.895470 0.895470 0.891986 0.891986 0.891986 0.891986 0.891986 0.891986 0.891986 0.888889 0.880435 0.881533 0.877778 0.892086 0.895470 0.874564 0.881533 0.900735 0.896429 0.895522 0.885017 0.880435 0.885017
6fu4_C:C 0.898833 0.875000 0.891608 0.892361 0.872852 0.872852 0.880435 0.880435 0.885714 0.887574 0.885714 0.887574 0.880435 0.880435 0.882759 0.882759 0.868056 0.868056 0.868056 0.868056 0.888889 0.888235 0.887892 0.869565 0.868263 0.892019 0.000000 0.000000 0.000000 0.000000 0.896907 0.896907 0.896907 0.896907 0.896907 0.896907 0.905455 0.893471 0.893471 0.893471 0.893471 0.893471 0.893471 0.893471 0.896907 0.896907 0.896907 0.896907 0.893471 0.893471 0.893471 0.893471 0.893471 0.893471 0.893471 0.888889 0.880435 0.879725 0.877778 0.892086 0.896907 0.876289 0.883162 0.900735 0.896429 0.895522 0.881944 0.880435 0.885813
6fu4_D:D 0.902724 0.875000 0.891608 0.891608 0.874126 0.874126 0.880435 0.880435 0.885714 0.887574 0.885714 0.887574 0.880435 0.880435 0.875862 0.875862 0.868056 0.868056 0.868056 0.868056 0.888889 0.888235 0.887892 0.869565 0.874251 0.877934 0.000000 0.000000 0.000000 0.000000 0.895105 0.895105 0.895105 0.895105 0.895105 0.895105 0.901818 0.891608 0.891608 0.891608 0.891608 0.891608 0.891608 0.891608 0.895105 0.895105 0.895105 0.895105 0.891608 0.891608 0.891608 0.891608 0.891608 0.891608 0.891608 0.888889 0.880435 0.881119 0.877778 0.892086 0.895105 0.874126 0.881119 0.900735 0.896429 0.895522 0.884615 0.880435 0.888112
6qfa_A:A 0.891051 0.875000 0.905594 0.906250 0.882883 0.882883 0.858696 0.858696 0.874286 0.869822 0.874286 0.869822 0.858696 0.858696 0.882759 0.882759 0.881944 0.881944 0.881944 0.888889 0.871345 0.870588 0.905830 0.896739 0.856287 0.873239 0.897260 0.895470 0.896907 0.895105 0.000000 0.000000 0.000000 0.000000 0.000000 0.000000 0.887273 0.015291 0.015291 0.015291 0.015291 0.015291 0.015291 0.015291 0.591592 0.027190 0.027190 0.027190 0.015291 0.015291 0.015291 0.015291 0.015291 0.015291 0.015291 0.885057 0.884058 0.894895 0.874074 0.881295 0.000000 0.891892 0.888889 0.886029 0.885714 0.869403 0.885417 0.880435 0.889273
6qfa_B:B 0.891051 0.875000 0.905594 0.906250 0.882883 0.882883 0.858696 0.858696 0.874286 0.869822 0.874286 0.869822 0.858696 0.858696 0.882759 0.882759 0.881944 0.881944 0.881944 0.888889 0.871345 0.870588 0.905830 0.896739 0.856287 0.873239 0.897260 0.895470 0.896907 0.895105 0.000000 0.000000 0.000000 0.000000 0.000000 0.000000 0.887273 0.015291 0.015291 0.015291 0.015291 0.015291 0.015291 0.015291 0.591592 0.027190 0.027190 0.027190 0.015291 0.015291 0.015291 0.015291 0.015291 0.015291 0.015291 0.885057 0.884058 0.894895 0.874074 0.881295 0.000000 0.891892 0.888889 0.886029 0.885714 0.869403 0.885417 0.880435 0.889273
6qfa_C:C 0.891051 0.875000 0.905594 0.906250 0.882883 0.882883 0.858696 0.858696 0.874286 0.869822 0.874286 0.869822 0.858696 0.858696 0.882759 0.882759 0.881944 0.881944 0.881944 0.888889 0.871345 0.870588 0.905830 0.896739 0.856287 0.873239 0.897260 0.895470 0.896907 0.895105 0.000000 0.000000 0.000000 0.000000 0.000000 0.000000 0.887273 0.015291 0.015291 0.015291 0.015291 0.015291 0.015291 0.015291 0.591592 0.027190 0.027190 0.027190 0.015291 0.015291 0.015291 0.015291 0.015291 0.015291 0.015291 0.885057 0.884058 0.894895 0.874074 0.881295 0.000000 0.891892 0.888889 0.886029 0.885714 0.869403 0.885417 0.880435 0.889273
6qfa_D:D 0.891051 0.875000 0.905594 0.906250 0.882883 0.882883 0.858696 0.858696 0.874286 0.869822 0.874286 0.869822 0.858696 0.858696 0.882759 0.882759 0.881944 0.881944 0.881944 0.888889 0.871345 0.870588 0.905830 0.896739 0.856287 0.873239 0.897260 0.895470 0.896907 0.895105 0.000000 0.000000 0.000000 0.000000 0.000000 0.000000 0.887273 0.015291 0.015291 0.015291 0.015291 0.015291 0.015291 0.015291 0.591592 0.027190 0.027190 0.027190 0.015291 0.015291 0.015291 0.015291 0.015291 0.015291 0.015291 0.885057 0.884058 0.894895 0.874074 0.881295 0.000000 0.891892 0.888889 0.886029 0.885714 0.869403 0.885417 0.880435 0.889273
6qfa_E:E 0.891051 0.875000 0.905594 0.906250 0.882883 0.882883 0.858696 0.858696 0.874286 0.869822 0.874286 0.869822 0.858696 0.858696 0.882759 0.882759 0.881944 0.881944 0.881944 0.888889 0.871345 0.870588 0.905830 0.896739 0.856287 0.873239 0.897260 0.895470 0.896907 0.895105 0.000000 0.000000 0.000000 0.000000 0.000000 0.000000 0.887273 0.015291 0.015291 0.015291 0.015291 0.015291 0.015291 0.015291 0.591592 0.027190 0.027190 0.027190 0.015291 0.015291 0.015291 0.015291 0.015291 0.015291 0.015291 0.885057 0.884058 0.894895 0.874074 0.881295 0.000000 0.891892 0.888889 0.886029 0.885714 0.869403 0.885417 0.880435 0.889273
7a5v_A:A 0.883268 0.875000 0.905594 0.902778 0.883234 0.883234 0.858696 0.858696 0.874286 0.869822 0.874286 0.869822 0.858696 0.858696 0.882759 0.882759 0.881944 0.881944 0.881944 0.881944 0.871345 0.870588 0.905830 0.896739 0.856287 0.873239 0.897260 0.895470 0.896907 0.895105 0.000000 0.000000 0.000000 0.000000 0.000000 0.000000 0.887273 0.012232 0.012232 0.012232 0.012232 0.012232 0.012232 0.012232 0.591592 0.027190 0.027190 0.027190 0.012232 0.012232 0.012232 0.012232 0.012232 0.012232 0.012232 0.885057 0.884058 0.892216 0.874074 0.881295 0.000000 0.883234 0.901198 0.886029 0.885714 0.869403 0.885417 0.880435 0.885813
7dfl_R:R 0.906615 0.880435 0.909091 0.909091 0.894545 0.894545 0.880435 0.880435 0.891429 0.887574 0.891429 0.887574 0.880435 0.880435 0.896552 0.896552 0.881944 0.881944 0.881944 0.881944 0.894737 0.888235 0.896861 0.885870 0.880240 0.892019 0.905455 0.901818 0.905455 0.901818 0.887273 0.887273 0.887273 0.887273 0.887273 0.887273 0.000000 0.894545 0.894545 0.894545 0.894545 0.894545 0.894545 0.894545 0.887273 0.894545 0.894545 0.894545 0.894545 0.894545 0.894545 0.894545 0.894545 0.894545 0.894545 0.754789 0.767273 0.869091 0.762963 0.694545 0.887273 0.865455 0.869091 0.033088 0.690909 0.686567 0.720000 0.767273 0.723636
7qn7_B:B 0.891051 0.875000 0.905594 0.902778 0.892966 0.892966 0.858696 0.858696 0.880000 0.869822 0.880000 0.869822 0.858696 0.858696 0.882759 0.882759 0.895833 0.895833 0.895833 0.888889 0.871345 0.870588 0.901345 0.896739 0.856287 0.873239 0.893836 0.891986 0.893471 0.891608 0.015291 0.015291 0.015291 0.015291 0.015291 0.012232 0.894545 0.000000 0.000000 0.000000 0.000000 0.000000 0.000000 0.000000 0.590214 0.012232 0.012232 0.012232 0.000000 0.000000 0.000000 0.000000 0.000000 0.000000 0.000000 0.881226 0.884058 0.889908 0.874074 0.888489 0.012232 0.883792 0.892966 0.886029 0.889286 0.880597 0.881944 0.880435 0.885813
7qn7_C:C 0.891051 0.875000 0.905594 0.902778 0.892966 0.892966 0.858696 0.858696 0.880000 0.869822 0.880000 0.869822 0.858696 0.858696 0.882759 0.882759 0.895833 0.895833 0.895833 0.888889 0.871345 0.870588 0.901345 0.896739 0.856287 0.873239 0.893836 0.891986 0.893471 0.891608 0.015291 0.015291 0.015291 0.015291 0.015291 0.012232 0.894545 0.000000 0.000000 0.000000 0.000000 0.000000 0.000000 0.000000 0.590214 0.012232 0.012232 0.012232 0.000000 0.000000 0.000000 0.000000 0.000000 0.000000 0.000000 0.881226 0.884058 0.889908 0.874074 0.888489 0.012232 0.883792 0.892966 0.886029 0.889286 0.880597 0.881944 0.880435 0.885813
7qn7_D:D 0.891051 0.875000 0.905594 0.902778 0.892966 0.892966 0.858696 0.858696 0.880000 0.869822 0.880000 0.869822 0.858696 0.858696 0.882759 0.882759 0.895833 0.895833 0.895833 0.888889 0.871345 0.870588 0.901345 0.896739 0.856287 0.873239 0.893836 0.891986 0.893471 0.891608 0.015291 0.015291 0.015291 0.015291 0.015291 0.012232 0.894545 0.000000 0.000000 0.000000 0.000000 0.000000 0.000000 0.000000 0.590214 0.012232 0.012232 0.012232 0.000000 0.000000 0.000000 0.000000 0.000000 0.000000 0.000000 0.881226 0.884058 0.889908 0.874074 0.888489 0.012232 0.883792 0.892966 0.886029 0.889286 0.880597 0.881944 0.880435 0.885813
7qn8_A:A 0.891051 0.875000 0.905594 0.902778 0.892966 0.892966 0.858696 0.858696 0.880000 0.869822 0.880000 0.869822 0.858696 0.858696 0.882759 0.882759 0.895833 0.895833 0.895833 0.888889 0.871345 0.870588 0.901345 0.896739 0.856287 0.873239 0.893836 0.891986 0.893471 0.891608 0.015291 0.015291 0.015291 0.015291 0.015291 0.012232 0.894545 0.000000 0.000000 0.000000 0.000000 0.000000 0.000000 0.000000 0.590214 0.012232 0.012232 0.012232 0.000000 0.000000 0.000000 0.000000 0.000000 0.000000 0.000000 0.881226 0.884058 0.889908 0.874074 0.888489 0.012232 0.883792 0.892966 0.886029 0.889286 0.880597 0.881944 0.880435 0.885813
7qn8_B:B 0.891051 0.875000 0.905594 0.902778 0.892966 0.892966 0.858696 0.858696 0.880000 0.869822 0.880000 0.869822 0.858696 0.858696 0.882759 0.882759 0.895833 0.895833 0.895833 0.888889 0.871345 0.870588 0.901345 0.896739 0.856287 0.873239 0.893836 0.891986 0.893471 0.891608 0.015291 0.015291 0.015291 0.015291 0.015291 0.012232 0.894545 0.000000 0.000000 0.000000 0.000000 0.000000 0.000000 0.000000 0.590214 0.012232 0.012232 0.012232 0.000000 0.000000 0.000000 0.000000 0.000000 0.000000 0.000000 0.881226 0.884058 0.889908 0.874074 0.888489 0.012232 0.883792 0.892966 0.886029 0.889286 0.880597 0.881944 0.880435 0.885813
7qn8_C:C 0.891051 0.875000 0.905594 0.902778 0.892966 0.892966 0.858696 0.858696 0.880000 0.869822 0.880000 0.869822 0.858696 0.858696 0.882759 0.882759 0.895833 0.895833 0.895833 0.888889 0.871345 0.870588 0.901345 0.896739 0.856287 0.873239 0.893836 0.891986 0.893471 0.891608 0.015291 0.015291 0.015291 0.015291 0.015291 0.012232 0.894545 0.000000 0.000000 0.000000 0.000000 0.000000 0.000000 0.000000 0.590214 0.012232 0.012232 0.012232 0.000000 0.000000 0.000000 0.000000 0.000000 0.000000 0.000000 0.881226 0.884058 0.889908 0.874074 0.888489 0.012232 0.883792 0.892966 0.886029 0.889286 0.880597 0.881944 0.880435 0.885813
7qn8_D:D 0.891051 0.875000 0.905594 0.902778 0.892966 0.892966 0.858696 0.858696 0.880000 0.869822 0.880000 0.869822 0.858696 0.858696 0.882759 0.882759 0.895833 0.895833 0.895833 0.888889 0.871345 0.870588 0.901345 0.896739 0.856287 0.873239 0.893836 0.891986 0.893471 0.891608 0.015291 0.015291 0.015291 0.015291 0.015291 0.012232 0.894545 0.000000 0.000000 0.000000 0.000000 0.000000 0.000000 0.000000 0.590214 0.012232 0.012232 0.012232 0.000000 0.000000 0.000000 0.000000 0.000000 0.000000 0.000000 0.881226 0.884058 0.889908 0.874074 0.888489 0.012232 0.883792 0.892966 0.886029 0.889286 0.880597 0.881944 0.880435 0.885813
7qn9_A:A 0.887160 0.875000 0.895105 0.895833 0.894895 0.894895 0.891304 0.891304 0.891429 0.899408 0.891429 0.899408 0.880435 0.880435 0.875862 0.875862 0.888889 0.888889 0.888889 0.881944 0.894737 0.900000 0.892377 0.885870 0.850299 0.887324 0.897260 0.895470 0.896907 0.895105 0.591592 0.591592 0.591592 0.591592 0.591592 0.591592 0.887273 0.590214 0.590214 0.590214 0.590214 0.590214 0.590214 0.590214 0.000000 0.586103 0.586103 0.586103 0.590214 0.590214 0.590214 0.590214 0.590214 0.590214 0.590214 0.881226 0.887681 0.891892 0.892593 0.888489 0.591592 0.891892 0.882883 0.882353 0.892857 0.884328 0.895833 0.891304 0.896194
7qn9_B:B 0.891051 0.875000 0.905594 0.902778 0.891239 0.891239 0.858696 0.858696 0.880000 0.875740 0.880000 0.875740 0.858696 0.858696 0.882759 0.882759 0.881944 0.881944 0.881944 0.888889 0.871345 0.870588 0.892377 0.896739 0.868263 0.873239 0.897260 0.895470 0.896907 0.895105 0.027190 0.027190 0.027190 0.027190 0.027190 0.027190 0.894545 0.012232 0.012232 0.012232 0.012232 0.012232 0.012232 0.012232 0.586103 0.000000 0.000000 0.000000 0.012232 0.012232 0.012232 0.012232 0.012232 0.012232 0.012232 0.877395 0.884058 0.894260 0.874074 0.888489 0.027190 0.885196 0.891239 0.886029 0.885714 0.876866 0.885417 0.880435 0.889273
7qn9_C:C 0.891051 0.875000 0.905594 0.902778 0.891239 0.891239 0.858696 0.858696 0.880000 0.875740 0.880000 0.875740 0.858696 0.858696 0.882759 0.882759 0.881944 0.881944 0.881944 0.888889 0.871345 0.870588 0.892377 0.896739 0.868263 0.873239 0.897260 0.895470 0.896907 0.895105 0.027190 0.027190 0.027190 0.027190 0.027190 0.027190 0.894545 0.012232 0.012232 0.012232 0.012232 0.012232 0.012232 0.012232 0.586103 0.000000 0.000000 0.000000 0.012232 0.012232 0.012232 0.012232 0.012232 0.012232 0.012232 0.877395 0.884058 0.894260 0.874074 0.888489 0.027190 0.885196 0.891239 0.886029 0.885714 0.876866 0.885417 0.880435 0.889273
7qn9_D:D 0.891051 0.875000 0.905594 0.902778 0.891239 0.891239 0.858696 0.858696 0.880000 0.875740 0.880000 0.875740 0.858696 0.858696 0.882759 0.882759 0.881944 0.881944 0.881944 0.888889 0.871345 0.870588 0.892377 0.896739 0.868263 0.873239 0.897260 0.895470 0.896907 0.895105 0.027190 0.027190 0.027190 0.027190 0.027190 0.027190 0.894545 0.012232 0.012232 0.012232 0.012232 0.012232 0.012232 0.012232 0.586103 0.000000 0.000000 0.000000 0.012232 0.012232 0.012232 0.012232 0.012232 0.012232 0.012232 0.877395 0.884058 0.894260 0.874074 0.888489 0.027190 0.885196 0.891239 0.886029 0.885714 0.876866 0.885417 0.880435 0.889273
7qnc_B:B 0.891051 0.875000 0.905594 0.902778 0.892966 0.892966 0.858696 0.858696 0.880000 0.869822 0.880000 0.869822 0.858696 0.858696 0.882759 0.882759 0.895833 0.895833 0.895833 0.888889 0.871345 0.870588 0.901345 0.896739 0.856287 0.873239 0.893836 0.891986 0.893471 0.891608 0.015291 0.015291 0.015291 0.015291 0.015291 0.012232 0.894545 0.000000 0.000000 0.000000 0.000000 0.000000 0.000000 0.000000 0.590214 0.012232 0.012232 0.012232 0.000000 0.000000 0.000000 0.000000 0.000000 0.000000 0.000000 0.881226 0.884058 0.889908 0.874074 0.888489 0.012232 0.883792 0.892966 0.886029 0.889286 0.880597 0.881944 0.880435 0.885813
7qnc_C:C 0.891051 0.875000 0.905594 0.902778 0.892966 0.892966 0.858696 0.858696 0.880000 0.869822 0.880000 0.869822 0.858696 0.858696 0.882759 0.882759 0.895833 0.895833 0.895833 0.888889 0.871345 0.870588 0.901345 0.896739 0.856287 0.873239 0.893836 0.891986 0.893471 0.891608 0.015291 0.015291 0.015291 0.015291 0.015291 0.012232 0.894545 0.000000 0.000000 0.000000 0.000000 0.000000 0.000000 0.000000 0.590214 0.012232 0.012232 0.012232 0.000000 0.000000 0.000000 0.000000 0.000000 0.000000 0.000000 0.881226 0.884058 0.889908 0.874074 0.888489 0.012232 0.883792 0.892966 0.886029 0.889286 0.880597 0.881944 0.880435 0.885813
7qnc_D:D 0.891051 0.875000 0.905594 0.902778 0.892966 0.892966 0.858696 0.858696 0.880000 0.869822 0.880000 0.869822 0.858696 0.858696 0.882759 0.882759 0.895833 0.895833 0.895833 0.888889 0.871345 0.870588 0.901345 0.896739 0.856287 0.873239 0.893836 0.891986 0.893471 0.891608 0.015291 0.015291 0.015291 0.015291 0.015291 0.012232 0.894545 0.000000 0.000000 0.000000 0.000000 0.000000 0.000000 0.000000 0.590214 0.012232 0.012232 0.012232 0.000000 0.000000 0.000000 0.000000 0.000000 0.000000 0.000000 0.881226 0.884058 0.889908 0.874074 0.888489 0.012232 0.883792 0.892966 0.886029 0.889286 0.880597 0.881944 0.880435 0.885813
7qnd_A:A 0.891051 0.875000 0.905594 0.902778 0.892966 0.892966 0.858696 0.858696 0.880000 0.869822 0.880000 0.869822 0.858696 0.858696 0.882759 0.882759 0.895833 0.895833 0.895833 0.888889 0.871345 0.870588 0.901345 0.896739 0.856287 0.873239 0.893836 0.891986 0.893471 0.891608 0.015291 0.015291 0.015291 0.015291 0.015291 0.012232 0.894545 0.000000 0.000000 0.000000 0.000000 0.000000 0.000000 0.000000 0.590214 0.012232 0.012232 0.012232 0.000000 0.000000 0.000000 0.000000 0.000000 0.000000 0.000000 0.881226 0.884058 0.889908 0.874074 0.888489 0.012232 0.883792 0.892966 0.886029 0.889286 0.880597 0.881944 0.880435 0.885813
7qnd_B:B 0.891051 0.875000 0.905594 0.902778 0.892966 0.892966 0.858696 0.858696 0.880000 0.869822 0.880000 0.869822 0.858696 0.858696 0.882759 0.882759 0.895833 0.895833 0.895833 0.888889 0.871345 0.870588 0.901345 0.896739 0.856287 0.873239 0.893836 0.891986 0.893471 0.891608 0.015291 0.015291 0.015291 0.015291 0.015291 0.012232 0.894545 0.000000 0.000000 0.000000 0.000000 0.000000 0.000000 0.000000 0.590214 0.012232 0.012232 0.012232 0.000000 0.000000 0.000000 0.000000 0.000000 0.000000 0.000000 0.881226 0.884058 0.889908 0.874074 0.888489 0.012232 0.883792 0.892966 0.886029 0.889286 0.880597 0.881944 0.880435 0.885813
7qnd_C:C 0.891051 0.875000 0.905594 0.902778 0.892966 0.892966 0.858696 0.858696 0.880000 0.869822 0.880000 0.869822 0.858696 0.858696 0.882759 0.882759 0.895833 0.895833 0.895833 0.888889 0.871345 0.870588 0.901345 0.896739 0.856287 0.873239 0.893836 0.891986 0.893471 0.891608 0.015291 0.015291 0.015291 0.015291 0.015291 0.012232 0.894545 0.000000 0.000000 0.000000 0.000000 0.000000 0.000000 0.000000 0.590214 0.012232 0.012232 0.012232 0.000000 0.000000 0.000000 0.000000 0.000000 0.000000 0.000000 0.881226 0.884058 0.889908 0.874074 0.888489 0.012232 0.883792 0.892966 0.886029 0.889286 0.880597 0.881944 0.880435 0.885813
7qnd_D:D 0.891051 0.875000 0.905594 0.902778 0.892966 0.892966 0.858696 0.858696 0.880000 0.869822 0.880000 0.869822 0.858696 0.858696 0.882759 0.882759 0.895833 0.895833 0.895833 0.888889 0.871345 0.870588 0.901345 0.896739 0.856287 0.873239 0.893836 0.891986 0.893471 0.891608 0.015291 0.015291 0.015291 0.015291 0.015291 0.012232 0.894545 0.000000 0.000000 0.000000 0.000000 0.000000 0.000000 0.000000 0.590214 0.012232 0.012232 0.012232 0.000000 0.000000 0.000000 0.000000 0.000000 0.000000 0.000000 0.881226 0.884058 0.889908 0.874074 0.888489 0.012232 0.883792 0.892966 0.886029 0.889286 0.880597 0.881944 0.880435 0.885813
7yfc_R:R 0.894942 0.880435 0.904215 0.911877 0.881226 0.881226 0.875000 0.875000 0.868571 0.869822 0.868571 0.869822 0.869565 0.869565 0.882759 0.882759 0.902778 0.902778 0.902778 0.875000 0.871345 0.870588 0.892377 0.875000 0.880240 0.887324 0.888889 0.888889 0.888889 0.888889 0.885057 0.885057 0.885057 0.885057 0.885057 0.885057 0.754789 0.881226 0.881226 0.881226 0.881226 0.881226 0.881226 0.881226 0.881226 0.877395 0.877395 0.877395 0.881226 0.881226 0.881226 0.881226 0.881226 0.881226 0.881226 0.000000 0.084291 0.869732 0.045977 0.781609 0.885057 0.869732 0.881226 0.754789 0.789272 0.785441 0.536398 0.038314 0.536398
8hn8_R:R 0.891051 0.875000 0.894928 0.902174 0.884058 0.884058 0.891304 0.891304 0.874286 0.875740 0.874286 0.875740 0.875000 0.875000 0.882759 0.882759 0.902778 0.902778 0.902778 0.875000 0.877193 0.876471 0.892377 0.885870 0.856287 0.882629 0.880435 0.880435 0.880435 0.880435 0.884058 0.884058 0.884058 0.884058 0.884058 0.884058 0.767273 0.884058 0.884058 0.884058 0.884058 0.884058 0.884058 0.884058 0.887681 0.884058 0.884058 0.884058 0.884058 0.884058 0.884058 0.884058 0.884058 0.884058 0.884058 0.084291 0.000000 0.876812 0.066667 0.775362 0.884058 0.862319 0.873188 0.746324 0.778986 0.772388 0.539855 0.076087 0.539855
8jt5_A:A 0.887160 0.896739 0.898601 0.899306 0.880208 0.880208 0.885870 0.885870 0.908571 0.905325 0.908571 0.905325 0.885870 0.885870 0.882759 0.882759 0.868056 0.868056 0.868056 0.854167 0.906433 0.905882 0.856502 0.875000 0.868263 0.882629 0.880137 0.881533 0.879725 0.881119 0.894895 0.894895 0.894895 0.894895 0.894895 0.892216 0.869091 0.889908 0.889908 0.889908 0.889908 0.889908 0.889908 0.889908 0.891892 0.894260 0.894260 0.894260 0.889908 0.889908 0.889908 0.889908 0.889908 0.889908 0.889908 0.869732 0.876812 0.000000 0.874074 0.870504 0.892216 0.255208 0.022039 0.867647 0.864286 0.869403 0.871528 0.873188 0.871972
8jxt_R:R 0.894942 0.891304 0.896296 0.900000 0.881481 0.881481 0.891304 0.891304 0.874286 0.869822 0.874286 0.869822 0.869565 0.869565 0.862069 0.862069 0.902778 0.902778 0.902778 0.868056 0.871345 0.870588 0.892377 0.891304 0.874251 0.873239 0.877778 0.877778 0.877778 0.877778 0.874074 0.874074 0.874074 0.874074 0.874074 0.874074 0.762963 0.874074 0.874074 0.874074 0.874074 0.874074 0.874074 0.874074 0.892593 0.874074 0.874074 0.874074 0.874074 0.874074 0.874074 0.874074 0.874074 0.874074 0.874074 0.045977 0.066667 0.874074 0.000000 0.774074 0.874074 0.862963 0.881481 0.755556 0.774074 0.787313 0.544444 0.014815 0.544444
8pok_A:A 0.898833 0.858696 0.892086 0.892086 0.884892 0.884892 0.880435 0.880435 0.891429 0.869822 0.891429 0.869822 0.880435 0.880435 0.868966 0.868966 0.875000 0.875000 0.875000 0.875000 0.900585 0.876471 0.896861 0.891304 0.868263 0.854460 0.892086 0.892086 0.892086 0.892086 0.881295 0.881295 0.881295 0.881295 0.881295 0.881295 0.694545 0.888489 0.888489 0.888489 0.888489 0.888489 0.888489 0.888489 0.888489 0.888489 0.888489 0.888489 0.888489 0.888489 0.888489 0.888489 0.888489 0.888489 0.888489 0.781609 0.775362 0.870504 0.774074 0.000000 0.881295 0.866906 0.866906 0.698529 0.021583 0.041045 0.758993 0.786232 0.748201
8pvb_A:A 0.883268 0.875000 0.905594 0.902778 0.883234 0.883234 0.858696 0.858696 0.874286 0.869822 0.874286 0.869822 0.858696 0.858696 0.882759 0.882759 0.881944 0.881944 0.881944 0.881944 0.871345 0.870588 0.905830 0.896739 0.856287 0.873239 0.897260 0.895470 0.896907 0.895105 0.000000 0.000000 0.000000 0.000000 0.000000 0.000000 0.887273 0.012232 0.012232 0.012232 0.012232 0.012232 0.012232 0.012232 0.591592 0.027190 0.027190 0.027190 0.012232 0.012232 0.012232 0.012232 0.012232 0.012232 0.012232 0.885057 0.884058 0.892216 0.874074 0.881295 0.000000 0.883234 0.901198 0.886029 0.885714 0.869403 0.885417 0.880435 0.885813
8tgk_A:A 0.883268 0.869565 0.888112 0.885417 0.882812 0.882812 0.858696 0.858696 0.897143 0.893491 0.897143 0.893491 0.864130 0.864130 0.868966 0.868966 0.881944 0.881944 0.881944 0.868056 0.894737 0.894118 0.869955 0.880435 0.838323 0.873239 0.876712 0.874564 0.876289 0.874126 0.891892 0.891892 0.891892 0.891892 0.891892 0.883234 0.865455 0.883792 0.883792 0.883792 0.883792 0.883792 0.883792 0.883792 0.891892 0.885196 0.885196 0.885196 0.883792 0.883792 0.883792 0.883792 0.883792 0.883792 0.883792 0.869732 0.862319 0.255208 0.862963 0.866906 0.883234 0.000000 0.245179 0.849265 0.867857 0.861940 0.868056 0.865942 0.868512
8ucn_A:A 0.879377 0.896739 0.898601 0.892361 0.881543 0.881543 0.885870 0.885870 0.885714 0.905325 0.885714 0.905325 0.885870 0.885870 0.875862 0.875862 0.875000 0.875000 0.875000 0.875000 0.888889 0.888235 0.869955 0.875000 0.868263 0.873239 0.883562 0.881533 0.883162 0.881119 0.888889 0.888889 0.888889 0.888889 0.888889 0.901198 0.869091 0.892966 0.892966 0.892966 0.892966 0.892966 0.892966 0.892966 0.882883 0.891239 0.891239 0.891239 0.892966 0.892966 0.892966 0.892966 0.892966 0.892966 0.892966 0.881226 0.873188 0.022039 0.881481 0.866906 0.901198 0.245179 0.000000 0.878676 0.867857 0.876866 0.878472 0.862319 0.878893
8yn2_R:R 0.887160 0.885870 0.900735 0.900735 0.897059 0.897059 0.891304 0.891304 0.885714 0.899408 0.885714 0.899408 0.891304 0.891304 0.882759 0.882759 0.895833 0.895833 0.895833 0.895833 0.900585 0.900000 0.883408 0.896739 0.880240 0.887324 0.900735 0.900735 0.900735 0.900735 0.886029 0.886029 0.886029 0.886029 0.886029 0.886029 0.033088 0.886029 0.886029 0.886029 0.886029 0.886029 0.886029 0.886029 0.882353 0.886029 0.886029 0.886029 0.886029 0.886029 0.886029 0.886029 0.886029 0.886029 0.886029 0.754789 0.746324 0.867647 0.755556 0.698529 0.886029 0.849265 0.878676 0.000000 0.702206 0.690299 0.731618 0.753676 0.731618
8yn3_R:R 0.902724 0.869565 0.892857 0.892857 0.878571 0.878571 0.880435 0.880435 0.880000 0.881657 0.880000 0.881657 0.880435 0.880435 0.875862 0.875862 0.895833 0.895833 0.895833 0.888889 0.883041 0.882353 0.887892 0.891304 0.874251 0.863850 0.896429 0.896429 0.896429 0.896429 0.885714 0.885714 0.885714 0.885714 0.885714 0.885714 0.690909 0.889286 0.889286 0.889286 0.889286 0.889286 0.889286 0.889286 0.892857 0.885714 0.885714 0.885714 0.889286 0.889286 0.889286 0.889286 0.889286 0.889286 0.889286 0.789272 0.778986 0.864286 0.774074 0.021583 0.885714 0.867857 0.867857 0.702206 0.000000 0.011194 0.750000 0.789855 0.742857
8yn4_R:R 0.891051 0.880435 0.888060 0.888060 0.876866 0.876866 0.880435 0.880435 0.885714 0.887574 0.885714 0.887574 0.880435 0.880435 0.889655 0.889655 0.881944 0.881944 0.881944 0.888889 0.888889 0.888235 0.874439 0.885870 0.880240 0.882629 0.891791 0.895522 0.895522 0.895522 0.869403 0.869403 0.869403 0.869403 0.869403 0.869403 0.686567 0.880597 0.880597 0.880597 0.880597 0.880597 0.880597 0.880597 0.884328 0.876866 0.876866 0.876866 0.880597 0.880597 0.880597 0.880597 0.880597 0.880597 0.880597 0.785441 0.772388 0.869403 0.787313 0.041045 0.869403 0.861940 0.876866 0.690299 0.011194 0.000000 0.738806 0.787313 0.731343
8yn5_R:R 0.902724 0.885870 0.895105 0.895833 0.878472 0.878472 0.896739 0.896739 0.874286 0.875740 0.874286 0.875740 0.896739 0.896739 0.882759 0.882759 0.888889 0.888889 0.888889 0.895833 0.877193 0.876471 0.892377 0.880435 0.880240 0.873239 0.881944 0.885017 0.881944 0.884615 0.885417 0.885417 0.885417 0.885417 0.885417 0.885417 0.720000 0.881944 0.881944 0.881944 0.881944 0.881944 0.881944 0.881944 0.895833 0.885417 0.885417 0.885417 0.881944 0.881944 0.881944 0.881944 0.881944 0.881944 0.881944 0.536398 0.539855 0.871528 0.544444 0.758993 0.885417 0.868056 0.878472 0.731618 0.750000 0.738806 0.000000 0.550725 0.013889
8yn9_R:R 0.894942 0.880435 0.905797 0.913043 0.880435 0.880435 0.891304 0.891304 0.868571 0.869822 0.868571 0.869822 0.891304 0.891304 0.868966 0.868966 0.902778 0.902778 0.902778 0.875000 0.871345 0.870588 0.896861 0.875000 0.862275 0.887324 0.880435 0.880435 0.880435 0.880435 0.880435 0.880435 0.880435 0.880435 0.880435 0.880435 0.767273 0.880435 0.880435 0.880435 0.880435 0.880435 0.880435 0.880435 0.891304 0.880435 0.880435 0.880435 0.880435 0.880435 0.880435 0.880435 0.880435 0.880435 0.880435 0.038314 0.076087 0.873188 0.014815 0.786232 0.880435 0.865942 0.862319 0.753676 0.789855 0.787313 0.550725 0.000000 0.550725
8yuu_R:R 0.898833 0.896739 0.909091 0.909722 0.882353 0.882353 0.891304 0.891304 0.868571 0.875740 0.868571 0.875740 0.891304 0.891304 0.868966 0.868966 0.888889 0.888889 0.888889 0.881944 0.877193 0.876471 0.892377 0.875000 0.886228 0.873239 0.885813 0.885017 0.885813 0.888112 0.889273 0.889273 0.889273 0.889273 0.889273 0.885813 0.723636 0.885813 0.885813 0.885813 0.885813 0.885813 0.885813 0.885813 0.896194 0.889273 0.889273 0.889273 0.885813 0.885813 0.885813 0.885813 0.885813 0.885813 0.885813 0.536398 0.539855 0.871972 0.544444 0.748201 0.885813 0.868512 0.878893 0.731618 0.742857 0.731343 0.013889 0.550725 0.000000
